508129745
381543285
593980751
035173262
079319246
870460358
324307829
552269468
542436256
056187335
430045212
962744263
291087698
240988124
283013672
857494635
614071437
913689238
586196943
856420018
372265197
407420932
607635878
932758851
895319365
325178062
620821175
906495016
924453001
126125570
802484352
960864539
861449967
925017744
247629456
840792034
424862360
136220061
252771893
048366110
340799315
700518827
796882215
881041645
413941256
717306836
541136852
697167208
189454229
917788095
973870095
418078319
070553246
876295510
705769526
922354634
568144783
882903055
390664952
606819940
549758976
296129674
645717568
679972331
102737932
358695872
946187916
421038489
702640948
034612483
895570130
144301695
896930467
911649867
923083642
657399310
884254569
492679312
641990227
940112728
369169743
712926631
159936608
632238445
916275019
229445357
946589100
419280553
834392682
591197650
982172680
256603472
804139857
861070399
805011757
345109945
814815774
745564836
988753960
078113539
829248137
530944650
463694082
146855809
587038616
761930639
145294277
161542298
300838115
250241676
801298733
026738082
849756936
663350409
738066583
174396139
725639512
709808569
459186167
084465891
100288367
820973866
527904880
576408018
411536699
568839439
866750479
725821876
714920568
327981016
003134466
949020362
914740598
122378075
692768785
836287061
926355783
720478936
450091163
950634735
311942776
751968765
193842904
677029985
477952194
410906328
920781209
509680429
824693167
014150972
381615693
037176196
130883409
172544513
908713916
061874558
394606213
139826890
917288459
825079853
020489315
805797246
440075912
260872563
304190225
639797350
758239629
139086692
378376659
573961913
366450379
346170885
099213168
338191224
706529073
062387944
233925600
033245460
104632720
496112724
178687154
147348668
491236387
873824466
132145499
995665230
997881763
356731944
389582352
418790876
667145435
842157670
724053786
615239528
766019802
338861270
679321500
339187492
886909430
207649960
696350947
644061235
010714235
933885660
746470819
187229783
461728273
765718081
028685911
814050786
426416201
378539744
895584492
176443967
970736029
075588110
799624373
980692563
652521797
959712844
230124674
406412898
061199443
401663728
135026059
413732207
267570120
858951010
178070483
698379306
045196257
382753682
595608019
770859232
677514182
369283090
395638402
627908144
063052113
762245913
475608542
431081972
102462569
827713584
352408308
485428911
830229779
705386449
576269433
867204621
324785526
135979722
547715609
083036512
239620178
114252807
945192746
198102372
524936498
019227035
125268793
761280103
593944232
438552776
640285317
759967180
769067115
224015540
596715420
302745882
778854914
162399235
805012249
262788349
947625984
079415016
084365617
029172306
267091680
382340779
116343265
689003692
330697102
690902751
357538420
420983678
824331281
541050176
434956627
403532116
302753257
562081763
348775911
286403412
946768897
674520920
877642850
041217276
298266709
980334098
319003612
217360378
521387949
887315593
559472471
281731462
312210396
369820843
378140175
535802161
775386804
667854819
858105764
720976332
141637722
329167715
038872463
159247896
403209412
927089610
235749966
005764734
440953316
926727885
468042377
105696420
430728980
211896004
759945306
178406279
700466525
142820059
865105707
297309064
236987240
337910154
550108939
621017280
409610461
490738281
207406383
853010145
138010749
895229145
475283090
540374091
016176332
288930940
682413380
035688467
104973560
901773514
083249230
182084353
916432815
468233482
667437932
412974932
624887316
331686929
472613537
251907732
298951266
965024601
974151270
172854512
401908283
583361528
384073514
424757338
879842016
012065196
145897397
411093452
436308118
131824929
970653417
401524620
427519594
260217034
864735456
173069142
980631513
323174698
641608322
037369881
993857434
185783449
387532447
378199722
266485715
159769035
241082943
046432876
590328298
724055908
311544398
020237359
702150479
078349621
917972465
724885137
785910697
406540837
348460856
580745961
708958125
094886059
127562796
271739606
569306973
817347003
062872680
356695441
974607584
317120646
899736580
929106601
484872575
865324077
880192496
797903054
068726279
321540476
802589235
710750331
601967933
124525067
207675309
867389354
626477891
047486732
721240534
128448725
740091956
539703516
573175446
829960643
081587570
130649910
320673952
281637474
650246780
486925072
907721516
117238732
974824151
195239342
509172741
397714106
938317059
630381216
445080582
534047971
846508451
590476475
393757404
997361816
772940258
652189350
470865709
810414325
712014365
430292066
607698985
954819217
819635693
197802583
196808472
508634717
848577450
193738740
132051680
592648516
804672687
260649457
430867743
365101850
869354752
318543761
063523787
931078105
904304191
272544760
087903571
273736019
632041420
827087543
461041979
594542383
065523830
936415916
956312489
443513597
663722489
281308640
818579609
728481421
384665284
334615402
461327309
595863280
011808632
148709249
443876290
997645040
475172205
528694359
372526659
097396214
953375102
781719348
617063923
653327447
392378442
370822463
233054162
802784313
664135242
390787205
424183102
270107142
430717458
696475928
269787046
660477394
960211942
927687356
861965205
856914134
818937750
346215277
581924290
270133208
248515780
860432483
256600813
470659165
043519768
236077406
895260034
261536745
073637491
660993112
697510840
965210103
099814625
179812548
618216545
955803063
084218320
698718194
296435430
036682438
342167324
306961725
359400396
618246045
199581487
622837400
352976136
682671754
354008757
711974489
805624368
578301962
723897158
252737431
793836816
006853293
142908665
829438327
497387239
624421139
070989842
223561630
922476586
785498265
900295384
162926014
390812986
831772425
497921081
992205301
065538102
389169862
579503364
370932579
516939750
769706983
488490596
721796559
187282404
799326127
237395762
274575809
749750235
619329823
276947851
018239706
142215384
094311749
302843698
128430249
354214861
932356087
661308499
018752047
622978705
647963043
286697521
091193206
532084101
336407289
262564874
341988561
602691257
116762047
325442908
873041402
993325416
562531041
617806535
020439113
135817684
247315591
542696339
797631232
942972813
300294611
363120890
896287025
232945500
209178760
101309767
548572046
047746599
345470508
105336947
741232480
558209092
515246492
651243467
349931801
035564822
326452877
491702256
860574830
063217724
494332859
896790231
662892895
257214801
836427963
430164270
215413563
359457762
837258634
834651017
854612831
597145369
382910974
410914983
586774823
109930746
957328826
170578305
054526302
876564503
309341140
823695247
355377616
350884064
765102692
987144073
608589675
887944329
095753931
965021246
740924516
320977528
070994722
681879912
754603261
207255180
042918146
741624931
971938032
632449675
218559607
192481584
342349902
845500813
704649829
616919085
186039034
582366453
547382146
905266188
879096403
913219630
958367841
457397691
823856372
908017278
814679587
029498554
806203145
576154946
971454132
861209893
378214942
559820461
478301987
005137675
865236011
739259261
379782049
011423773
884299260
387978461
220736170
549926321
838102921
533716217
259901512
279124945
202547191
996025413
821123386
014516802
898340772
763924938
602951127
979171482
309187389
596091338
754642860
383045274
962409057
034982213
559266839
409948217
431776881
285045172
017989035
672514303
507993675
495012629
246809817
478231067
853284059
768954673
920089836
369575970
167061984
493028811
531251896
026789582
693018577
112770304
790198282
223196770
609487574
351220941
262978431
648243001
786904801
080683932
446693138
486580431
588332992
714085022
461349639
637123867
670195936
741878550
896587703
995244030
141853603
014348217
586956441
482371560
176701524
031520294
682475890
295721669
702785369
026462141
813360455
590422456
837694752
835447618
259818410
263148076
593620712
945767358
238750663
069382654
622586718
068432429
976402475
601235428
451743016
334914817
622809539
619078561
959673261
535940246
091612659
494957816
190219548
176732438
694084190
931318556
264362039
846001632
372170609
893479837
027653854
735825246
989285154
078846765
497509865
796427925
517463385
633552410
577121480
680213473
908469861
292340346
406074631
702612693
914689010
418535396
355097044
199352003
769428754
941180549
587058463
793146208
461945126
274199025
173056059
812069374
565637231
664805132
345407970
740149636
692424881
792431340
034981012
834121077
055821839
609562150
412918358
137418639
417764529
193717530
619302542
839732414
441306217
554070863
986192627
348018630
967480094
413315657
284461938
053610318
936748567
455912084
618018743
419749535
475805879
501718990
614849039
570442931
623025051
904758605
921520530
130852724
006754139
779539605
740509853
084727926
567745910
687926335
695182684
899142370
102938423
530164396
382289676
992743184
346722381
115238794
532560787
389724769
583007392
317087398
550868941
039650251
568953371
501912827
030259568
889622345
935317627
364537620
637793196
887665721
378906437
870647423
201553384
581796349
008494851
958610061
004141989
072513691
933889542
609933604
042623650
205948685
292551649
386410143
792338464
027143619
668210451
325902534
522774903
228433754
773819185
834929732
982415419
643542191
652641814
878110054
741208652
380970589
473120194
965148971
290817234
076935914
352460563
753949113
724812989
048270156
890039356
539256897
471402087
429438907
800332652
624331652
762493216
814658245
626320844
095973486
631732195
150631294
917107489
919348017
547470185
187019983
802429416
579261808
397112823
740842870
694308846
275590291
650991850
057649952
910419760
587248629
219568219
332708705
254508928
669820709
278218601
139069763
369234049
233005765
137760302
367154862
299644103
096201363
468726802
552303771
874112230
311843069
676950094
745317960
581624874
568470338
598353429
271886374
506323692
830481095
844162590
657457930
100987249
136490573
096576510